1.485476226806640625e+02
3.960670471191406250e+02
1.586144561767578125e+02
4.439106750488281250e+02
1.730618743896484375e+02
4.898742980957031250e+02
1.895170288085937500e+02
5.372606201171875000e+02
2.163616027832031250e+02
5.816462402343750000e+02
2.526417846679687500e+02
6.201976318359375000e+02
2.855623474121093750e+02
6.593037109375000000e+02
3.255736083984375000e+02
6.895570068359375000e+02
3.669341430664062500e+02
6.924451904296875000e+02
4.082688903808593750e+02
6.823294677734375000e+02
4.433699951171875000e+02
6.452415161132812500e+02
4.772405395507812500e+02
5.994348754882812500e+02
5.101712646484375000e+02
5.475607910156250000e+02
5.270019531250000000e+02
4.917437744140625000e+02
5.239062500000000000e+02
4.356486511230468750e+02
5.144931030273437500e+02
3.775494689941406250e+02
5.083097534179687500e+02
3.205115356445312500e+02
1.695804595947265625e+02
3.939892578125000000e+02
1.845294342041015625e+02
3.725120544433593750e+02
2.142058410644531250e+02
3.655509033203125000e+02
2.464257812500000000e+02
3.668340454101562500e+02
2.809541320800781250e+02
3.730823364257812500e+02
3.285900878906250000e+02
3.600415649414062500e+02
3.607451782226562500e+02
3.393113098144531250e+02
3.908644409179687500e+02
3.247135620117187500e+02
4.273350219726562500e+02
3.223182067871093750e+02
4.630831298828125000e+02
3.362987060546875000e+02
3.108263854980468750e+02
3.959298095703125000e+02
3.163475341796875000e+02
4.293678588867187500e+02
3.226741943359375000e+02
4.649464111328125000e+02
3.296618041992187500e+02
5.055091552734375000e+02
2.952065124511718750e+02
5.134544677734375000e+02
3.157650451660156250e+02
5.218587646484375000e+02
3.372979431152343750e+02
5.233894042968750000e+02
3.569467773437500000e+02
5.109816894531250000e+02
3.744679870605468750e+02
4.984020996093750000e+02
2.136293182373046875e+02
4.011795349121093750e+02
2.302244110107421875e+02
3.892613525390625000e+02
2.531735992431640625e+02
3.867196960449218750e+02
2.719613037109375000e+02
3.974443969726562500e+02
2.532386627197265625e+02
4.022838439941406250e+02
2.313226623535156250e+02
4.067538757324218750e+02
3.604163208007812500e+02
3.820142822265625000e+02
3.773992919921875000e+02
3.617550659179687500e+02
4.026321411132812500e+02
3.550031433105468750e+02
4.177637329101562500e+02
3.602850952148437500e+02
4.049219665527343750e+02
3.727311706542968750e+02
3.845348205566406250e+02
3.784049682617187500e+02
2.658529357910156250e+02
5.449337158203125000e+02
2.922713012695312500e+02
5.406520996093750000e+02
3.200113220214843750e+02
5.382591552734375000e+02
3.423788452148437500e+02
5.409651489257812500e+02
3.664332580566406250e+02
5.322766113281250000e+02
3.970372924804687500e+02
5.227357177734375000e+02
4.268316345214843750e+02
5.187084350585937500e+02
4.046458129882812500e+02
5.686298828125000000e+02
3.770401611328125000e+02
5.962540893554687500e+02
3.511118164062500000e+02
6.076748046875000000e+02
3.248238220214843750e+02
6.057219238281250000e+02
2.948251953125000000e+02
5.830549316406250000e+02
2.773101806640625000e+02
5.480906372070312500e+02
3.220976257324218750e+02
5.472009277343750000e+02
3.426389160156250000e+02
5.482951049804687500e+02
3.675944519042968750e+02
5.400555419921875000e+02
4.182995605468750000e+02
5.266368408203125000e+02
3.737857666015625000e+02
5.764068603515625000e+02
3.481119384765625000e+02
5.869686889648437500e+02
3.252868347167968750e+02
5.846831665039062500e+02
